-1.443293954060109741e-01 4.836515478172150329e-01 -2.073826241163570505e-01 1.785630145550332754e-02 -2.656636529233702970e-01 2.135386480090801509e-01 5.639635803487413196e-02 3.961392584577891340e-01 -5.086191162648712183e-01 2.116047270814167824e-01 -2.259169621367509151e-01 -2.662864508460606183e-01 -1.496997063880232785e-02
2.451875802572207053e-01 2.249309346278443866e-01 8.901288565965780053e-02 -5.368902835499768100e-01 3.521362829135121775e-02 5.368138499724344204e-01 -4.205239093226312841e-01 6.582674359525007846e-02 7.528304410108765943e-02 -3.090799436141716816e-01 7.648553925086515326e-02 1.216960353853780152e-01 -2.596374608035117298e-02
2.051061444370996453e-03 3.160688140253150036e-01 6.262239008693472053e-01 2.141755622057679997e-01 -1.430254737895438888e-01 1.544746646993815642e-01 1.491706113495057662e-01 -1.702600208733318909e-01 3.076944452978031541e-01 -2.712538862934252976e-02 -4.986914151064645861e-01 -4.962237326461284986e-02 1.412180317516289196e-01
2.393204054875346098e-01 -1.059050228819163886e-02 6.120803499457823094e-01 -6.085941445874517436e-02 6.610294157451304664e-02 -1.008245051446289287e-01 2.869691357138098864e-01 4.279701828868630598e-01 -2.004493139020520065e-01 5.279942386967811235e-02 4.793137800675644766e-01 -5.574286908688577680e-02 -9.168285458075685346e-02
-1.419920419529872579e-01 2.996340032378623230e-01 1.307569348502787832e-01 3.517965801475376186e-01 7.270485147762071332e-01 3.814393991093914527e-02 -3.228833026320560573e-01 -1.563614328505760764e-01 -2.714025722701304266e-01 6.787022282079543944e-02 7.128891465838547992e-02 6.222010539311684241e-02 -5.677422187890418526e-02
-3.946608450666300727e-01 6.503951181927949965e-02 1.461789634846718255e-01 -1.980683479012175230e-01 -1.493184093072303376e-01 -8.412229981830091075e-02 2.792497528992318040e-02 -4.059340856209059933e-01 -2.860345200529001430e-01 -3.201313521645117732e-01 3.043411879422797672e-01 -3.038824511326390088e-01 4.639079139055226619e-01
-4.229342967100591100e-01 -3.359812100307681647e-03 1.506818998994482184e-01 -1.522947945906748812e-01 -1.090258384004081371e-01 -1.892002308981299147e-02 6.068521421412476774e-02 -1.872453565470084402e-01 -4.957849184869618508e-02 -1.631505097510049795e-01 -2.569409348902403079e-02 -4.289882871920919216e-02 -8.322570647314007086e-01
2.985331029547151349e-01 2.877948811298655304e-02 1.703681623596490502e-01 2.033010198902255317e-01 -5.007029831994567193e-01 -2.585940109685916921e-01 -5.954472891508665322e-01 -2.332846492275905959e-01 -1.955013194712881264e-01 2.155350702613850478e-01 1.168958631038377605e-01 4.235218868932424940e-02 -1.140398497403270206e-01
-3.134294883076887417e-01 3.930172228973251997e-02 1.494543094620264800e-01 -3.990565328722281979e-01 1.368598211548343047e-01 -5.337953885005297661e-01 -3.721393457376200309e-01 3.682267502795776859e-01 2.091448677125937183e-01 1.341839000445226027e-01 -2.373625653477444419e-01 -9.555302711823794592e-02 1.169170671861951283e-01
8.861670472472307769e-02 5.299956720700430557e-01 -1.373062124902420522e-01 -6.592568164393161623e-02 -7.643677955216952868e-02 -4.186441415468274418e-01 2.277121402448716858e-01 -3.379691689263506632e-02 -5.621752276571628792e-02 -2.907751840107229424e-01 3.183879824933848884e-02 6.042216256710417621e-01 1.199280246998922494e-02
-2.967145635863814301e-01 -2.792351479242818346e-01 8.522192250689102078e-02 4.277714093912315940e-01 -1.736145220720396731e-01 1.059827424909221549e-01 -2.320756413512810867e-01 4.366236248771296347e-01 -8.582839468706693342e-02 -5.223988869984852457e-01 -4.821200956766449192e-02 2.592139952822294924e-01 8.988884454102363808e-02
-3.761674107387129040e-01 -1.644961928357846215e-01 1.660045880875269664e-01 -1.841207427561373788e-01 -1.011609888638544535e-01 2.658510745057223179e-01 4.476370074148218470e-02 -7.810789230702577801e-02 -1.372269019165707482e-01 5.237058682643218610e-01 4.642329747041085142e-02 6.009587206020451378e-01 1.567181347299185235e-01
-2.867522268968048516e-01 3.649028317980824165e-01 -1.267459173477011036e-01 2.320708603595939556e-01 -1.578687999045711443e-01 1.197255720125524198e-01 -7.680450460249928224e-02 1.200226689760592047e-01 5.757861074770176391e-01 1.621159975900251238e-01 5.392698276758629561e-01 -7.940162172924430939e-02 -1.444733670146650627e-02
